    0.93199    0.362284  -0.0120022     681.144
 -0.0111976 -0.00432052   -0.999928    -21.8567
   -0.36231    0.932058 3.00368e-05     172.412
          0           0           0           1
   0.931958    0.362367  -0.0120022     681.137
 -0.0111972 -0.00432152   -0.999928    -21.8566
  -0.362393    0.932025 3.00377e-05       172.4
          0           0           0           1
   0.931861    0.362617  -0.0120022     681.114
 -0.0111961 -0.00432452   -0.999928    -21.8563
  -0.362643    0.931928 3.00404e-05     172.366
          0           0           0           1
   0.931699    0.363034  -0.0120022     681.075
 -0.0111941 -0.00432951   -0.999928    -21.8559
   -0.36306    0.931766 3.00449e-05     172.308
          0           0           0           1
   0.931471    0.363617  -0.0120022     681.021
 -0.0111914 -0.00433651   -0.999928    -21.8552
  -0.363643    0.931538 3.00512e-05     172.228
          0           0           0           1
   0.931178    0.364367  -0.0120022     680.952
 -0.0111879 -0.00434551   -0.999928    -21.8544
  -0.364393    0.931245 3.00593e-05     172.125
          0           0           0           1
   0.930819    0.365282  -0.0120021     680.868
 -0.0111836  -0.0043565   -0.999928    -21.8534
  -0.365308    0.930887 3.00692e-05     171.998
          0           0           0           1
   0.930394    0.366364  -0.0120021     680.768
 -0.0111785 -0.00436948   -0.999928    -21.8522
   -0.36639    0.930461 3.00808e-05     171.849
          0           0           0           1
   0.929902    0.367612  -0.0120021     680.653
 -0.0111727 -0.00438445   -0.999928    -21.8508
  -0.367638    0.929969 3.00942e-05     171.677
          0           0           0           1
   0.929342    0.369025  -0.0120021     680.523
  -0.011166 -0.00440141   -0.999928    -21.8493
  -0.369051    0.929409 3.01094e-05     171.482
          0           0           0           1
   0.928714    0.370604  -0.0120021     680.377
 -0.0111585 -0.00442035   -0.999928    -21.8475
   -0.37063    0.928781 3.01263e-05     171.264
          0           0           0           1
   0.928016    0.372347  -0.0120021     680.216
 -0.0111501 -0.00444127   -0.999928    -21.8456
  -0.372373    0.928083  3.0145e-05     171.023
          0           0           0           1
   0.927248    0.374255   -0.012002     680.039
  -0.011141 -0.00446417   -0.999928    -21.8435
  -0.374281    0.927315 3.01654e-05     170.759
          0           0           0           1
   0.926409    0.376327   -0.012002     679.847
 -0.0111309 -0.00448903   -0.999928    -21.8412
  -0.376354    0.926476 3.01875e-05     170.472
          0           0           0           1
   0.925498    0.378562   -0.012002      679.64
   -0.01112 -0.00451586   -0.999928    -21.8387
  -0.378589    0.925565 3.02113e-05     170.162
          0           0           0           1
   0.924513    0.380961  -0.0120019     679.417
 -0.0111083 -0.00454465   -0.999928     -21.836
  -0.380988     0.92458 3.02368e-05     169.829
          0           0           0           1
   0.923453    0.383523  -0.0120019     679.179
 -0.0110956 -0.00457538   -0.999928    -21.8332
   -0.38355     0.92352  3.0264e-05     169.474
          0           0           0           1
   0.922318    0.386246  -0.0120019     678.926
  -0.011082 -0.00460807   -0.999928    -21.8301
  -0.386274    0.922384 3.02928e-05     169.095
          0           0           0           1
   0.921104    0.389131  -0.0120018     678.657
 -0.0110675 -0.00464268   -0.999928    -21.8269
  -0.389159    0.921171 3.03233e-05     168.693
          0           0           0           1
   0.919812    0.392176  -0.0120018     678.373
 -0.0110521 -0.00467923   -0.999928    -21.8235
  -0.392204    0.919878 3.03553e-05     168.269
          0           0           0           1
   0.918438    0.395382  -0.0120017     678.074
 -0.0110357  -0.0047177   -0.999928    -21.8199
   -0.39541    0.918505 3.03889e-05     167.821
          0           0           0           1
   0.916983    0.398746  -0.0120017     677.759
 -0.0110183 -0.00475808   -0.999928    -21.8162
  -0.398775    0.917049 3.04241e-05     167.351
          0           0           0           1
   0.915443     0.40227  -0.0120017     677.429
 -0.0109999 -0.00480036   -0.999928    -21.8122
  -0.402298    0.915509 3.04609e-05     166.857
          0           0           0           1
   0.913816     0.40595  -0.0120016     677.084
 -0.0109804 -0.00484453   -0.999928    -21.8081
  -0.405979    0.913882 3.04991e-05     166.341
          0           0           0           1
   0.912102    0.409787  -0.0120015     676.723
 -0.0109599 -0.00489058   -0.999928    -21.8038
  -0.409816    0.912168 3.05388e-05     165.801
          0           0           0           1
   0.910298     0.41378  -0.0120015     676.347
 -0.0109384 -0.00493849   -0.999928    -21.7993
  -0.413809    0.910364   3.058e-05     165.239
          0           0           0           1
   0.908401    0.417927  -0.0120014     675.956
 -0.0109157 -0.00498826   -0.999928    -21.7946
  -0.417957    0.908467 3.06226e-05     164.654
          0           0           0           1
    0.90641    0.422228  -0.0120014     675.549
 -0.0108919 -0.00503988   -0.999928    -21.7897
  -0.422258    0.906476 3.06666e-05     164.046
          0           0           0           1
   0.904323     0.42668  -0.0120013     675.127
 -0.0108669 -0.00509332   -0.999928    -21.7846
  -0.426711    0.904388 3.07119e-05     163.414
          0           0           0           1
   0.902136    0.431284  -0.0120012     674.689
 -0.0108408 -0.00514857   -0.999928    -21.7794
  -0.431315    0.902201 3.07586e-05      162.76
          0           0           0           1
   0.899848    0.436038  -0.0120012     674.236
 -0.0108135 -0.00520562   -0.999928     -21.774
  -0.436069    0.899913 3.08065e-05     162.083
          0           0           0           1
   0.897456     0.44094  -0.0120011     673.768
 -0.0107849 -0.00526445   -0.999928    -21.7684
  -0.440971    0.897521 3.08557e-05     161.383
          0           0           0           1
   0.894958    0.445989   -0.012001     673.285
  -0.010755 -0.00532505   -0.999928    -21.7626
  -0.446021    0.895023 3.09061e-05      160.66
          0           0           0           1
   0.892351    0.451183   -0.012001     672.786
 -0.0107238 -0.00538739   -0.999928    -21.7566
  -0.451215    0.892415 3.09577e-05     159.914
          0           0           0           1
   0.889631    0.456521  -0.0120009     672.272
 -0.0106913 -0.00545146   -0.999928    -21.7505
  -0.456554    0.889696 3.10104e-05     159.145
          0           0           0           1
   0.886798    0.462002  -0.0120008     671.742
 -0.0106574 -0.00551724   -0.999928    -21.7441
  -0.462035    0.886862 3.10642e-05     158.353
          0           0           0           1
   0.883847    0.467623  -0.0120007     671.197
 -0.0106221 -0.00558471   -0.999928    -21.7376
  -0.467656     0.88391  3.1119e-05     157.539
          0           0           0           1
   0.880775    0.473383  -0.0120006     670.637
 -0.0105854 -0.00565384   -0.999928    -21.7309
  -0.473416    0.880839 3.11748e-05     156.701
          0           0           0           1
   0.877581    0.479279  -0.0120005     670.061
 -0.0105472 -0.00572461   -0.999928     -21.724
  -0.479313    0.877644 3.12316e-05      155.84
          0           0           0           1
    0.87426     0.48531  -0.0120004      669.47
 -0.0105075   -0.005797   -0.999928    -21.7169
  -0.485345    0.874323 3.12892e-05     154.957
          0           0           0           1
   0.870809    0.491474  -0.0120004     668.864
 -0.0104662 -0.00587099   -0.999928    -21.7097
  -0.491509    0.870872 3.13477e-05      154.05
          0           0           0           1
   0.867227    0.497769  -0.0120003     668.242
 -0.0104233 -0.00594654   -0.999928    -21.7022
  -0.497804    0.867289 3.14069e-05      153.12
          0           0           0           1
   0.863508    0.504192  -0.0120002     667.605
 -0.0103788 -0.00602364   -0.999928    -21.6946
  -0.504228    0.863571 3.14669e-05     152.168
          0           0           0           1
   0.859651    0.510741  -0.0120001     666.952
 -0.0103327 -0.00610225   -0.999928    -21.6868
  -0.510777    0.859713 3.15276e-05     151.192
          0           0           0           1
   0.855652    0.517413  -0.0119999     666.285
 -0.0102849 -0.00618234   -0.999928    -21.6788
   -0.51745    0.855713 3.15888e-05     150.194
          0           0           0           1
   0.851507    0.524206  -0.0119998     665.602
 -0.0102353 -0.00626389   -0.999928    -21.6706
  -0.524244    0.851568 3.16507e-05     149.173
          0           0           0           1
   0.847213    0.531118  -0.0119997     664.903
 -0.0101839 -0.00634686   -0.999928    -21.6622
  -0.531156    0.847274  3.1713e-05     148.128
          0           0           0           1
   0.842767    0.538145  -0.0119996     664.189
 -0.0101307 -0.00643122   -0.999928    -21.6537
  -0.538184    0.842827 3.17757e-05     147.061
          0           0           0           1
   0.838165    0.545285  -0.0119995      663.46
 -0.0100756 -0.00651693   -0.999928     -21.645
  -0.545324    0.838225 3.18388e-05     145.971
          0           0           0           1
   0.833403    0.552535  -0.0119994     662.716
 -0.0100187 -0.00660396   -0.999928     -21.636
  -0.552575    0.833463 3.19022e-05     144.858
          0           0           0           1
   0.828479    0.559891  -0.0119992     661.956
-0.00995974 -0.00669227   -0.999928    -21.6269
  -0.559931    0.828539 3.19658e-05     143.721
          0           0           0           1
   0.823389    0.567351  -0.0119991     661.181
-0.00989882 -0.00678183   -0.999928    -21.6177
  -0.567392    0.823448 3.20295e-05     142.562
          0           0           0           1
   0.818128    0.574911   -0.011999      660.39
-0.00983587 -0.00687259   -0.999928    -21.6082
  -0.574952    0.818187 3.20934e-05      141.38
          0           0           0           1
   0.812694    0.582567  -0.0119989     659.584
-0.00977084 -0.00696451   -0.999928    -21.5985
  -0.582609    0.812753 3.21572e-05     140.175
          0           0           0           1
   0.807083    0.590316  -0.0119987     658.763
-0.00970368 -0.00705754   -0.999928    -21.5887
  -0.590359    0.807141  3.2221e-05     138.947
          0           0           0           1
   0.801291    0.598155  -0.0119986     657.926
-0.00963435 -0.00715165   -0.999928    -21.5787
  -0.598198    0.801348 3.22845e-05     137.697
          0           0           0           1
   0.795314    0.606079  -0.0119984     657.074
-0.00956282 -0.00724679   -0.999928    -21.5685
  -0.606122    0.795371 3.23479e-05     136.423
          0           0           0           1
   0.789149    0.614084  -0.0119983     656.207
-0.00948903 -0.00734291   -0.999928    -21.5581
  -0.614128    0.789206 3.24109e-05     135.126
          0           0           0           1
   0.782792    0.622167  -0.0119981     655.324
-0.00941294 -0.00743996   -0.999928    -21.5475
  -0.622212    0.782849 3.24736e-05     133.806
          0           0           0           1
    0.77624    0.630323   -0.011998     654.426
 -0.0093345 -0.00753789   -0.999928    -21.5368
  -0.630368    0.776296 3.25357e-05     132.463
          0           0           0           1
   0.769489    0.638547  -0.0119978     653.513
-0.00925368 -0.00763665   -0.999928    -21.5259
  -0.638593    0.769545 3.25973e-05     131.098
          0           0           0           1
   0.762535    0.646836  -0.0119977     652.584
-0.00917043 -0.00773618   -0.999928    -21.5147
  -0.646882     0.76259 3.26582e-05     129.709
          0           0           0           1
   0.755374    0.655184  -0.0119975      651.64
 -0.0090847 -0.00783642   -0.999928    -21.5034
  -0.655231    0.755429 3.27183e-05     128.298
          0           0           0           1
   0.748004    0.663586  -0.0119973     650.681
-0.00899646 -0.00793732   -0.999928    -21.4919
  -0.663634    0.748058 3.27776e-05     126.863
          0           0           0           1
   0.740419    0.672038  -0.0119972     649.706
-0.00890565 -0.00803882   -0.999928    -21.4803
  -0.672086    0.740473 3.28359e-05     125.406
          0           0           0           1
   0.732618    0.680534   -0.011997     648.716
-0.00881224 -0.00814086   -0.999928    -21.4684
  -0.680583    0.732671 3.28931e-05     123.925
          0           0           0           1
   0.724596     0.68907  -0.0119968      647.71
-0.00871618 -0.00824337   -0.999928    -21.4564
  -0.689119    0.724648 3.29492e-05     122.422
          0           0           0           1
   0.716377     0.69761  -0.0119966     646.693
-0.00861777 -0.00834594   -0.999928    -21.4442
   -0.69766    0.716429 3.30039e-05     120.901
          0           0           0           1
   0.708051     0.70606  -0.0119965     645.674
-0.00851806 -0.00844742   -0.999928     -21.432
   -0.70611    0.708102 3.30565e-05     119.378
          0           0           0           1
   0.699625     0.71441  -0.0119963     644.656
-0.00841716 -0.00854772   -0.999928    -21.4198
  -0.714461    0.699675  3.3107e-05     117.856
          0           0           0           1
     0.6911    0.722659  -0.0119961     643.638
-0.00831507  -0.0086468   -0.999928    -21.4076
  -0.722711     0.69115 3.31553e-05     116.333
          0           0           0           1
   0.682479    0.730807  -0.0119959      642.62
-0.00821182 -0.00874468   -0.999928    -21.3954
  -0.730859    0.682528 3.32015e-05     114.811
          0           0           0           1
   0.673761    0.738852  -0.0119957     641.601
-0.00810741 -0.00884131   -0.999928    -21.3832
  -0.738905     0.67381 3.32455e-05     113.288
          0           0           0           1
   0.664948    0.746793  -0.0119956     640.583
-0.00800187 -0.00893671   -0.999928     -21.371
  -0.746846    0.664997 3.32874e-05     111.766
          0           0           0           1
   0.656042    0.754629  -0.0119954     639.565
 -0.0078952 -0.00903084   -0.999928    -21.3589
  -0.754683     0.65609  3.3327e-05     110.243
          0           0           0           1
   0.647044    0.762359  -0.0119952     638.547
-0.00778741 -0.00912371   -0.999928    -21.3467
  -0.762413    0.647091 3.33646e-05     108.721
          0           0           0           1
   0.637954    0.769981   -0.011995     637.528
-0.00767854 -0.00921528   -0.999928    -21.3345
  -0.770036       0.638 3.33999e-05     107.198
          0           0           0           1
   0.628775    0.777495  -0.0119948      636.51
-0.00756859 -0.00930556   -0.999928    -21.3223
  -0.777551     0.62882 3.34331e-05     105.676
          0           0           0           1
   0.619507    0.784899  -0.0119946     635.492
-0.00745757 -0.00939453   -0.999928    -21.3101
  -0.784956    0.619552 3.34641e-05     104.153
          0           0           0           1
   0.610152    0.792194  -0.0119945     634.473
-0.00734551 -0.00948218   -0.999928    -21.2979
   -0.79225    0.610196 3.34929e-05     102.631
          0           0           0           1
   0.600711    0.799376  -0.0119943     633.455
-0.00723241 -0.00956849   -0.999928    -21.2857
  -0.799433    0.600755 3.35195e-05     101.108
          0           0           0           1
   0.591186    0.806446  -0.0119941     632.437
 -0.0071183 -0.00965345   -0.999928    -21.2735
  -0.806504    0.591229 3.35439e-05     99.5858
          0           0           0           1
   0.581577    0.813403  -0.0119939     631.419
-0.00700319 -0.00973705   -0.999928    -21.2613
  -0.813461    0.581619 3.35661e-05     98.0633
          0           0           0           1
   0.571887    0.820245  -0.0119937       630.4
-0.00688709 -0.00981929   -0.999928    -21.2491
  -0.820304    0.571928 3.35861e-05     96.5408
          0           0           0           1
   0.562116    0.826972  -0.0119935     629.382
-0.00677003 -0.00990013   -0.999928    -21.2369
  -0.827031    0.562156 3.36039e-05     95.0183
          0           0           0           1
   0.552265    0.833582  -0.0119933     628.364
-0.00665202 -0.00997959   -0.999928    -21.2247
  -0.833642    0.552306 3.36195e-05     93.4959
          0           0           0           1
   0.542338    0.840075  -0.0119932     627.345
-0.00653307  -0.0100576   -0.999928    -21.2125
  -0.840135    0.542377 3.36328e-05     91.9734
          0           0           0           1
  0.532333    0.84645  -0.011993    626.327
-0.0064132 -0.0101343  -0.999928   -21.2004
  -0.84651   0.532372 3.3644e-05    90.4509
         0          0          0          1
   0.522254    0.852705  -0.0119928     625.309
-0.00629244  -0.0102095   -0.999928    -21.1882
  -0.852767    0.522292 3.36529e-05     88.9284
          0           0           0           1
   0.512102    0.858841  -0.0119926     624.291
-0.00617079  -0.0102832   -0.999928     -21.176
  -0.858903    0.512139 3.36597e-05     87.4059
          0           0           0           1
   0.501877    0.864856  -0.0119924     623.272
-0.00604827  -0.0103556   -0.999928    -21.1638
  -0.864918    0.501914 3.36642e-05     85.8834
          0           0           0           1
   0.491582    0.870749  -0.0119922     622.254
 -0.0059249  -0.0104264   -0.999928    -21.1516
  -0.870811    0.491618 3.36664e-05     84.3609
          0           0           0           1
   0.481217    0.876519   -0.011992     621.236
-0.00580071  -0.0104958   -0.999928    -21.1394
  -0.876582    0.481252 3.36665e-05     82.8384
          0           0           0           1
   0.470785    0.882166  -0.0119919     620.218
-0.00567569  -0.0105637   -0.999928    -21.1272
   -0.88223    0.470819 3.36644e-05     81.3159
          0           0           0           1
   0.460287    0.887689  -0.0119917     619.199
-0.00554989  -0.0106301   -0.999928     -21.115
  -0.887753     0.46032   3.366e-05     79.7934
          0           0           0           1
   0.449724    0.893087  -0.0119915     618.181
 -0.0054233  -0.0106951   -0.999928    -21.1028
  -0.893151    0.449756 3.36534e-05      78.271
          0           0           0           1
   0.439097     0.89836  -0.0119913     617.163
-0.00529595  -0.0107585   -0.999928    -21.0906
  -0.898424    0.439129 3.36446e-05     76.7485
          0           0           0           1
   0.428409    0.903506  -0.0119911     616.144
-0.00516786  -0.0108204   -0.999928    -21.0784
   -0.90357     0.42844 3.36336e-05      75.226
          0           0           0           1
    0.41766    0.908524  -0.0119909     615.126
-0.00503904  -0.0108808   -0.999928    -21.0662
  -0.908589     0.41769 3.36204e-05     73.7035
          0           0           0           1
   0.406853    0.913415  -0.0119907     614.108
-0.00490951  -0.0109396   -0.999928     -21.054
  -0.913481    0.406882 3.36049e-05      72.181
          0           0           0           1
   0.395988    0.918177  -0.0119905      613.09
 -0.0047793  -0.0109969   -0.999928    -21.0419
  -0.918243    0.396017 3.35873e-05     70.6585
          0           0           0           1
   0.385068     0.92281  -0.0119904     612.071
-0.00464841  -0.0110527   -0.999928    -21.0297
  -0.922877    0.385096 3.35674e-05      69.136
          0           0           0           1
   0.374093    0.927314  -0.0119902     611.053
-0.00451687  -0.0111069   -0.999928    -21.0175
   -0.92738     0.37412 3.35454e-05     67.6135
          0           0           0           1
   0.363066    0.931686    -0.01199     610.035
 -0.0043847  -0.0111595   -0.999928    -21.0053
  -0.931753    0.363092 3.35211e-05      66.091
          0           0           0           1
   0.351987    0.935928  -0.0119898     609.017
-0.00425192  -0.0112106   -0.999928    -20.9931
  -0.935995    0.352013 3.34947e-05     64.5685
          0           0           0           1
    0.34086    0.940038  -0.0119896     607.998
-0.00411853  -0.0112601   -0.999928    -20.9809
  -0.940105    0.340884  3.3466e-05     63.0461
          0           0           0           1
   0.329684    0.944015  -0.0119894      606.98
-0.00398457   -0.011308   -0.999928    -20.9687
  -0.944083    0.329708 3.34352e-05     61.5236
          0           0           0           1
   0.318461     0.94786  -0.0119892     605.962
-0.00385005  -0.0113543   -0.999928    -20.9565
  -0.947928    0.318485 3.34021e-05     60.0011
          0           0           0           1
   0.307194    0.951571  -0.0119891     604.943
-0.00371499   -0.011399   -0.999928    -20.9443
   -0.95164    0.307217 3.33669e-05     58.4786
          0           0           0           1
   0.295884    0.955149  -0.0119889     603.925
-0.00357941  -0.0114421   -0.999928    -20.9321
  -0.955217    0.295906 3.33295e-05     56.9561
          0           0           0           1
   0.284532    0.958592  -0.0119887     602.907
-0.00344333  -0.0114836   -0.999928    -20.9199
   -0.95866    0.284553   3.329e-05     55.4336
          0           0           0           1
    0.27314      0.9619  -0.0119885     601.889
-0.00330677  -0.0115235   -0.999928    -20.9077
  -0.961969     0.27316 3.32483e-05     53.9111
          0           0           0           1
    0.26171    0.965072  -0.0119883      600.87
-0.00316974  -0.0115617   -0.999928    -20.8955
  -0.965141    0.261729 3.32044e-05     52.3886
          0           0           0           1
   0.250242    0.968109  -0.0119882     599.852
-0.00303227  -0.0115984   -0.999928    -20.8834
  -0.968178    0.250261 3.31583e-05     50.8661
          0           0           0           1
    0.23874     0.97101   -0.011988     598.834
-0.00289437  -0.0116334   -0.999928    -20.8712
  -0.971079    0.238757 3.31102e-05     49.3436
          0           0           0           1
   0.227204    0.973773  -0.0119878     597.816
-0.00275607  -0.0116667   -0.999928     -20.859
  -0.973843    0.227221 3.30598e-05     47.8212
          0           0           0           1
   0.215636      0.9764  -0.0119876     596.797
-0.00261738  -0.0116984   -0.999928    -20.8468
   -0.97647    0.215652 3.30074e-05     46.2987
          0           0           0           1
   0.204037     0.97889  -0.0119874     595.779
-0.00247832  -0.0117285   -0.999928    -20.8346
   -0.97896    0.204052 3.29528e-05     44.7762
          0           0           0           1
    0.19241    0.981241  -0.0119873     594.761
-0.00233892  -0.0117569   -0.999928    -20.8224
  -0.981312    0.192424 3.28961e-05     43.2537
          0           0           0           1
   0.180756    0.983455  -0.0119871     593.742
-0.00219919  -0.0117837   -0.999928    -20.8102
  -0.983526    0.180769 3.28373e-05     41.7312
          0           0           0           1
   0.169076     0.98553  -0.0119869     592.724
-0.00205915  -0.0118088   -0.999928     -20.798
  -0.985601    0.169089 3.27764e-05     40.2087
          0           0           0           1
   0.157373    0.987466  -0.0119867     591.706
-0.00191883  -0.0118322   -0.999928    -20.7858
  -0.987537    0.157385 3.27134e-05     38.6862
          0           0           0           1
   0.145647    0.989264  -0.0119866     590.688
-0.00177824   -0.011854   -0.999928    -20.7736
  -0.989335    0.145658 3.26483e-05     37.1637
          0           0           0           1
   0.133901    0.990922  -0.0119864     589.669
 -0.0016374  -0.0118741   -0.999928    -20.7614
  -0.990993    0.133911 3.25811e-05     35.6412
          0           0           0           1
   0.122136    0.992441  -0.0119862     588.651
-0.00149633  -0.0118925   -0.999928    -20.7492
  -0.992512    0.122145 3.25119e-05     34.1187
          0           0           0           1
   0.110354     0.99382   -0.011986     587.633
-0.00135505  -0.0119092   -0.999928     -20.737
  -0.993891    0.110362 3.24406e-05     32.5962
          0           0           0           1
  0.0985565    0.995059  -0.0119859     586.615
-0.00121358  -0.0119243   -0.999928    -20.7249
  -0.995131    0.098564 3.23673e-05     31.0738
          0           0           0           1
   0.086745    0.996158  -0.0119857     585.596
-0.00107195  -0.0119377   -0.999928    -20.7127
   -0.99623   0.0867516 3.22919e-05     29.5513
          0           0           0           1
  0.0749212    0.997117  -0.0119855     584.578
-0.00093016  -0.0119494   -0.999928    -20.7005
  -0.997189    0.074927 3.22145e-05     28.0288
          0           0           0           1
   0.0630869     0.997936   -0.0119853       583.56
-0.000788247   -0.0119594    -0.999928     -20.6883
   -0.998008    0.0630919  3.21351e-05      26.5063
           0            0            0            1
   0.0512438     0.998614   -0.0119852      582.541
-0.000646224   -0.0119678    -0.999928     -20.6761
   -0.998686    0.0512478  3.20537e-05      24.9838
           0            0            0            1
   0.0393934     0.999152    -0.011985      581.523
-0.000504112   -0.0119744    -0.999928     -20.6639
   -0.999224    0.0393966  3.19703e-05      23.4613
           0            0            0            1
   0.0275375     0.999549   -0.0119848      580.505
-0.000361931   -0.0119794    -0.999928     -20.6517
   -0.999621    0.0275398  3.18849e-05      21.9388
           0            0            0            1
   0.0156876     0.999805   -0.0119847      579.487
-0.000219821   -0.0119827    -0.999928     -20.6395
   -0.999877    0.0156891  3.17977e-05      20.4176
           0            0            0            1
  0.00397464      0.99992   -0.0119845      578.482
-7.93491e-05   -0.0119843    -0.999928     -20.6275
   -0.999992   0.00397531  3.17095e-05      18.9142
           0            0            0            1
-0.00756005      0.9999  -0.0119844     577.492
5.89867e-05  -0.0119843   -0.999928    -20.6156
  -0.999971 -0.00756021 3.16208e-05     17.4338
          0           0           0           1
 -0.0189149    0.999749  -0.0119842     576.517
0.000195168  -0.0119827   -0.999928     -20.604
  -0.999821  -0.0189159 3.15317e-05     15.9764
          0           0           0           1
 -0.0300886    0.999475  -0.0119841     575.558
0.000329179  -0.0119796   -0.999928    -20.5925
  -0.999547  -0.0300904 3.14424e-05     14.5419
          0           0           0           1
 -0.0410799    0.999084  -0.0119839     574.614
0.000461004  -0.0119751   -0.999928    -20.5812
  -0.999156  -0.0410825 3.13527e-05     13.1303
          0           0           0           1
-0.0518876   0.998581 -0.0119838    573.685
0.00059063 -0.0119692  -0.999928     -20.57
 -0.998653 -0.0518909 3.1263e-05    11.7417
         0          0          0          1
 -0.0625107    0.997972  -0.0119836     572.771
0.000718044  -0.0119621   -0.999928    -20.5591
  -0.998044  -0.0625148 3.11732e-05     10.3761
          0           0           0           1
 -0.0729484    0.997264  -0.0119835     571.873
0.000843236  -0.0119538   -0.999928    -20.5484
  -0.997335  -0.0729533 3.10835e-05     9.03336
          0           0           0           1
 -0.0831999    0.996461  -0.0119833     570.991
0.000966196  -0.0119444   -0.999928    -20.5378
  -0.996532  -0.0832055 3.09939e-05     7.71361
          0           0           0           1
 -0.0932645    0.995569  -0.0119832     570.123
 0.00108692  -0.0119339   -0.999928    -20.5274
  -0.995641  -0.0932709 3.09045e-05     6.41681
          0           0           0           1
  -0.103142    0.994594  -0.0119831     569.271
 0.00120539  -0.0119223   -0.999928    -20.5172
  -0.994666   -0.103149 3.08153e-05     5.14297
          0           0           0           1
  -0.112831    0.993542   -0.011983     568.435
 0.00132162  -0.0119099   -0.999928    -20.5072
  -0.993613   -0.112839 3.07266e-05     3.89208
          0           0           0           1
  -0.122332    0.992417  -0.0119828     567.614
 0.00143558  -0.0118966   -0.999928    -20.4974
  -0.992488   -0.122341 3.06383e-05     2.66414
          0           0           0           1
  -0.131645    0.991224  -0.0119827     566.808
 0.00154729  -0.0118824   -0.999928    -20.4877
  -0.991296   -0.131654 3.05505e-05     1.45916
          0           0           0           1
  -0.140769     0.98997  -0.0119826     566.017
 0.00165674  -0.0118676   -0.999928    -20.4782
  -0.990041   -0.140779 3.04633e-05    0.277124
          0           0           0           1
  -0.149704    0.988658  -0.0119825     565.242
 0.00176392   -0.011852   -0.999928     -20.469
  -0.988729   -0.149715 3.03768e-05   -0.881958
          0           0           0           1
 -0.158451   0.987294 -0.0119824    564.482
0.00186885 -0.0118358  -0.999928   -20.4599
 -0.987365  -0.158462 3.0291e-05   -2.01809
         0          0          0          1
  -0.167009    0.985883  -0.0119823     563.737
  0.0019715   -0.011819   -0.999928    -20.4509
  -0.985953    -0.16702 3.02059e-05    -3.13127
          0           0           0           1
  -0.175378    0.984428  -0.0119822     563.008
  0.0020719  -0.0118017   -0.999928    -20.4422
  -0.984499    -0.17539 3.01218e-05    -4.22149
          0           0           0           1
  -0.183559    0.982936  -0.0119821     562.295
 0.00217004   -0.011784   -0.999928    -20.4337
  -0.983006   -0.183571 3.00385e-05    -5.28876
          0           0           0           1
  -0.191551     0.98141   -0.011982     561.596
 0.00226592  -0.0117658   -0.999928    -20.4253
   -0.98148   -0.191564 2.99563e-05    -6.33308
          0           0           0           1
 -0.199356   0.979854 -0.0119819    560.913
0.00235955 -0.0117473  -0.999928   -20.4171
 -0.979924   -0.19937 2.9875e-05   -7.35445
         0          0          0          1
  -0.206973    0.978273  -0.0119818     560.245
 0.00245093  -0.0117285   -0.999928    -20.4091
  -0.978344   -0.206987 2.97949e-05    -8.35287
          0           0           0           1
  -0.214402    0.976672  -0.0119817     559.593
 0.00254006  -0.0117094   -0.999928    -20.4013
  -0.976742   -0.214417 2.97159e-05    -9.32834
          0           0           0           1
  -0.221645    0.975054  -0.0119816     558.956
 0.00262696  -0.0116901   -0.999928    -20.3937
  -0.975124   -0.221661 2.96381e-05    -10.2808
          0           0           0           1
  -0.228702    0.973423  -0.0119815     558.334
 0.00271162  -0.0116707   -0.999928    -20.3862
  -0.973493   -0.228718 2.95616e-05    -11.2104
          0           0           0           1
  -0.235573    0.971783  -0.0119814     557.728
 0.00279405  -0.0116511   -0.999928     -20.379
  -0.971853    -0.23559 2.94863e-05     -12.117
          0           0           0           1
  -0.242259    0.970138  -0.0119814     557.137
 0.00287426  -0.0116315   -0.999928    -20.3719
  -0.970207   -0.242276 2.94124e-05    -13.0007
          0           0           0           1
   -0.24876    0.968491  -0.0119813     556.561
 0.00295225  -0.0116119   -0.999928     -20.365
  -0.968561   -0.248777 2.93399e-05    -13.8614
          0           0           0           1
  -0.255077    0.966847  -0.0119812     556.001
 0.00302804  -0.0115923   -0.999928    -20.3583
  -0.966916   -0.255095 2.92689e-05    -14.6991
          0           0           0           1
   -0.26121    0.965208  -0.0119811     555.456
 0.00310163  -0.0115727   -0.999928    -20.3518
  -0.965277   -0.261228 2.91993e-05    -15.5139
          0           0           0           1
   -0.26716    0.963578  -0.0119811     554.926
 0.00317302  -0.0115533   -0.999928    -20.3454
  -0.963647   -0.267179 2.91313e-05    -16.3058
          0           0           0           1
  -0.272929     0.96196   -0.011981     554.412
 0.00324223   -0.011534   -0.999928    -20.3393
  -0.962029   -0.272948 2.90648e-05    -17.0747
          0           0           0           1
  -0.278516    0.960357  -0.0119809     553.913
 0.00330926  -0.0115149   -0.999928    -20.3333
  -0.960426   -0.278535 2.89999e-05    -17.8206
          0           0           0           1
  -0.283921    0.958773  -0.0119809     553.429
 0.00337412   -0.011496   -0.999928    -20.3275
  -0.958842   -0.283941 2.89366e-05    -18.5436
          0           0           0           1
  -0.289147     0.95721  -0.0119808     552.961
 0.00343682  -0.0114773   -0.999928    -20.3219
  -0.957279   -0.289168 2.88751e-05    -19.2436
          0           0           0           1
  -0.294193    0.955671  -0.0119808     552.508
 0.00349737   -0.011459   -0.999928    -20.3165
   -0.95574   -0.294214 2.88152e-05    -19.9207
          0           0           0           1
  -0.299061    0.954159  -0.0119807     552.071
 0.00355577  -0.0114409   -0.999928    -20.3113
  -0.954227   -0.299082 2.87571e-05    -20.5749
          0           0           0           1
   -0.30375    0.952677  -0.0119806     551.649
 0.00361203  -0.0114232   -0.999928    -20.3062
  -0.952745   -0.303771 2.87007e-05    -21.2061
          0           0           0           1
  -0.308262    0.951226  -0.0119806     551.242
 0.00366617  -0.0114059   -0.999928    -20.3013
  -0.951295   -0.308283 2.86462e-05    -21.8143
          0           0           0           1
  -0.312596     0.94981  -0.0119805      550.85
 0.00371818   -0.011389   -0.999928    -20.2966
  -0.949879   -0.312619 2.85935e-05    -22.3996
          0           0           0           1
  -0.316755    0.948432  -0.0119805     550.474
 0.00376808  -0.0113725   -0.999928    -20.2921
    -0.9485   -0.316778 2.85426e-05    -22.9619
          0           0           0           1
  -0.320739    0.947092  -0.0119805     550.114
 0.00381588  -0.0113565   -0.999928    -20.2878
   -0.94716   -0.320761 2.84936e-05    -23.5013
          0           0           0           1
  -0.324547    0.945794  -0.0119804     549.768
 0.00386158   -0.011341   -0.999928    -20.2837
  -0.945862    -0.32457 2.84466e-05    -24.0177
          0           0           0           1
  -0.328181    0.944539  -0.0119804     549.438
 0.00390519  -0.0113261   -0.999928    -20.2797
  -0.944607   -0.328205 2.84014e-05    -24.5112
          0           0           0           1
  -0.331642    0.943329  -0.0119803     549.123
 0.00394671  -0.0113116   -0.999928     -20.276
  -0.943397   -0.331666 2.83582e-05    -24.9817
          0           0           0           1
  -0.33493   0.942167 -0.0119803    548.824
0.00398617 -0.0112977  -0.999928   -20.2724
 -0.942235  -0.334954 2.8317e-05   -25.4292
         0          0          0          1
  -0.338046    0.941053  -0.0119803      548.54
 0.00402355  -0.0112844   -0.999928     -20.269
  -0.941121    -0.33807 2.82778e-05    -25.8539
          0           0           0           1
  -0.340989    0.939991  -0.0119802     548.271
 0.00405887  -0.0112717   -0.999928    -20.2658
  -0.940058   -0.341013 2.82406e-05    -26.2555
          0           0           0           1
  -0.343762    0.938981  -0.0119802     548.018
 0.00409214  -0.0112597   -0.999928    -20.2627
  -0.939048   -0.343786 2.82055e-05    -26.6342
          0           0           0           1
  -0.346363    0.938024  -0.0119802      547.78
 0.00412336  -0.0112482   -0.999928    -20.2599
  -0.938091   -0.346388 2.81724e-05      -26.99
          0           0           0           1
  -0.348795    0.937123  -0.0119801     547.558
 0.00415253  -0.0112375   -0.999928    -20.2572
   -0.93719   -0.348819 2.81413e-05    -27.3228
          0           0           0           1
  -0.351056    0.936278  -0.0119801      547.35
 0.00417967  -0.0112274   -0.999928    -20.2547
  -0.936345   -0.351081 2.81123e-05    -27.6326
          0           0           0           1
  -0.353149    0.935491  -0.0119801     547.159
 0.00420478   -0.011218   -0.999928    -20.2524
  -0.935558   -0.353174 2.80855e-05    -27.9195
          0           0           0           1
  -0.355072    0.934762  -0.0119801     546.982
 0.00422786  -0.0112093   -0.999928    -20.2503
  -0.934829   -0.355097 2.80607e-05    -28.1835
          0           0           0           1
 -0.356827   0.934094 -0.0119801    546.821
0.00424891 -0.0112013  -0.999928   -20.2484
 -0.934161  -0.356852 2.8038e-05   -28.4245
         0          0          0          1
  -0.358413    0.933486    -0.01198     546.675
 0.00426795   -0.011194   -0.999928    -20.2466
  -0.933553   -0.358439 2.80175e-05    -28.6425
          0           0           0           1
  -0.359832     0.93294    -0.01198     546.545
 0.00428498  -0.0111875   -0.999928    -20.2451
  -0.933007   -0.359857 2.79991e-05    -28.8376
          0           0           0           1
  -0.361083    0.932457    -0.01198     546.429
 0.00429999  -0.0111817   -0.999928    -20.2437
  -0.932524   -0.361108 2.79829e-05    -29.0098
          0           0           0           1
  -0.362167    0.932036    -0.01198      546.33
 0.00431299  -0.0111767   -0.999928    -20.2425
  -0.932103   -0.362192 2.79688e-05     -29.159
          0           0           0           1
  -0.363083     0.93168    -0.01198     546.245
 0.00432399  -0.0111725   -0.999928    -20.2415
  -0.931747   -0.363109 2.79568e-05    -29.2852
          0           0           0           1
  -0.363833    0.931387    -0.01198     546.176
 0.00433299   -0.011169   -0.999928    -20.2407
  -0.931454   -0.363859 2.79471e-05    -29.3885
          0           0           0           1
  -0.364416    0.931159    -0.01198     546.122
 0.00433999  -0.0111662   -0.999928      -20.24
  -0.931226   -0.364442 2.79395e-05    -29.4688
          0           0           0           1
 -0.364832   0.930996   -0.01198    546.084
0.00434498 -0.0111643  -0.999928   -20.2396
 -0.931063  -0.364858 2.7934e-05   -29.5262
         0          0          0          1
  -0.365082    0.930898    -0.01198     546.061
 0.00434798  -0.0111631   -0.999928    -20.2393
  -0.930965   -0.365108 2.79308e-05    -29.5606
          0           0           0           1
  -0.365165    0.930866    -0.01198     546.053
 0.00434898  -0.0111627   -0.999928    -20.2392
  -0.930933   -0.365191 2.79297e-05    -29.5721
          0           0           0           1
