   0.339443    0.837477   -0.428265     550.801
  -0.160914   -0.396885   -0.903653    -276.191
   -0.92676    0.375653 4.16943e-05    -343.489
          0           0           0           1
   0.339369    0.837507   -0.428265     550.793
  -0.160879   -0.396899   -0.903653    -276.187
  -0.926794    0.375571 4.16565e-05    -343.481
          0           0           0           1
   0.339147    0.837597   -0.428265     550.767
  -0.160773   -0.396942   -0.903653    -276.174
  -0.926894    0.375324 4.15434e-05    -343.456
          0           0           0           1
   0.338775    0.837747   -0.428265     550.723
  -0.160597   -0.397014   -0.903653    -276.154
   -0.92706    0.374914 4.13548e-05    -343.415
          0           0           0           1
   0.338256    0.837957   -0.428266     550.662
  -0.160351   -0.397113   -0.903653    -276.125
  -0.927292    0.374339 4.10908e-05    -343.357
          0           0           0           1
   0.337588    0.838226   -0.428266     550.584
  -0.160034   -0.397241   -0.903653    -276.088
   -0.92759    0.373599 4.07517e-05    -343.282
          0           0           0           1
   0.336771    0.838555   -0.428266     550.489
  -0.159646   -0.397398   -0.903653    -276.043
  -0.927954    0.372695 4.03374e-05    -343.191
          0           0           0           1
   0.335805    0.838942   -0.428266     550.376
  -0.159188   -0.397582   -0.903653    -275.989
  -0.928383    0.371626 3.98483e-05    -343.083
          0           0           0           1
   0.334689    0.839387   -0.428267     550.246
  -0.158659   -0.397793   -0.903652    -275.928
  -0.928876    0.370391 3.92843e-05    -342.958
          0           0           0           1
   0.333425     0.83989   -0.428267     550.099
   -0.15806   -0.398033   -0.903652    -275.858
  -0.929433    0.368992 3.86459e-05    -342.817
          0           0           0           1
   0.332011     0.84045   -0.428268     549.934
  -0.157389   -0.398299   -0.903652     -275.78
  -0.930053    0.367427 3.79332e-05     -342.66
          0           0           0           1
   0.330446    0.841066   -0.428268     549.752
  -0.156647   -0.398592   -0.903652    -275.693
  -0.930735    0.365695 3.71466e-05    -342.485
          0           0           0           1
   0.328732    0.841737   -0.428269     549.552
  -0.155834   -0.398911   -0.903651    -275.599
  -0.931478    0.363798 3.62863e-05    -342.294
          0           0           0           1
   0.326867    0.842463   -0.428269     549.335
  -0.154949   -0.399256   -0.903651    -275.496
  -0.932282    0.361734 3.53527e-05    -342.087
          0           0           0           1
   0.324851    0.843242    -0.42827     549.101
  -0.153993   -0.399627   -0.903651    -275.385
  -0.933144    0.359502 3.43461e-05    -341.863
          0           0           0           1
   0.322683    0.844073   -0.428271     548.849
  -0.152965   -0.400022    -0.90365    -275.266
  -0.934065    0.357103 3.32671e-05    -341.622
          0           0           0           1
  0.320364   0.844956  -0.428272     548.58
 -0.151865  -0.400442   -0.90365   -275.138
 -0.935042   0.354536 3.2116e-05   -341.365
         0          0          0          1
   0.317892    0.845888   -0.428273     548.294
  -0.150693   -0.400885    -0.90365    -275.003
  -0.936075    0.351801 3.08934e-05    -341.091
          0           0           0           1
   0.315268     0.84687   -0.428273      547.99
  -0.149448   -0.401352   -0.903649    -274.859
  -0.937161    0.348896 2.95997e-05    -340.801
          0           0           0           1
    0.31249    0.847898   -0.428274     547.669
  -0.148131   -0.401841   -0.903649    -274.707
    -0.9383    0.345822 2.82354e-05    -340.494
          0           0           0           1
   0.309559    0.848972   -0.428275     547.331
   -0.14674   -0.402352   -0.903648    -274.546
   -0.93949    0.342577 2.68013e-05     -340.17
          0           0           0           1
   0.306473     0.85009   -0.428277     546.975
  -0.145277   -0.402884   -0.903648    -274.378
  -0.940728    0.339162 2.52979e-05     -339.83
          0           0           0           1
   0.303232    0.851251   -0.428278     546.602
   -0.14374   -0.403436   -0.903647    -274.201
  -0.942013    0.335575 2.37258e-05    -339.473
          0           0           0           1
   0.299836    0.852453   -0.428279     546.212
  -0.142129   -0.404008   -0.903647    -274.016
  -0.943344    0.331817 2.20858e-05      -339.1
          0           0           0           1
   0.296284    0.853693    -0.42828     545.804
  -0.140444   -0.404598   -0.903646    -273.823
  -0.944718    0.327885 2.03785e-05     -338.71
          0           0           0           1
   0.292575    0.854971   -0.428281     545.379
  -0.138685   -0.405205   -0.903645    -273.621
  -0.946132    0.323781 1.86048e-05    -338.303
          0           0           0           1
   0.288709    0.856283   -0.428283     544.937
  -0.136851    -0.40583   -0.903645    -273.412
  -0.947586    0.319502 1.67655e-05     -337.88
          0           0           0           1
   0.284685    0.857629   -0.428284     544.477
  -0.134943    -0.40647   -0.903644    -273.194
  -0.949076    0.315048 1.48614e-05     -337.44
          0           0           0           1
   0.280503    0.859005   -0.428286         544
  -0.132959   -0.407125   -0.903643    -272.967
    -0.9506    0.310419 1.28935e-05    -336.984
          0           0           0           1
   0.276162     0.86041   -0.428287     543.505
    -0.1309   -0.407793   -0.903643    -272.733
  -0.952155    0.305614 1.08626e-05    -336.511
          0           0           0           1
   0.271661     0.86184   -0.428289     542.993
  -0.128765   -0.408474   -0.903642    -272.491
   -0.95374    0.300633 8.76966e-06    -336.021
          0           0           0           1
   0.266999    0.863295   -0.428291     542.464
  -0.126554   -0.409166   -0.903641     -272.24
  -0.955351    0.295473 6.61582e-06    -335.515
          0           0           0           1
   0.262177    0.864771   -0.428292     541.918
  -0.124267   -0.409869    -0.90364    -271.981
  -0.956985    0.290136 4.40209e-06    -334.992
          0           0           0           1
   0.257193    0.866266   -0.428294     541.354
  -0.121903    -0.41058   -0.903639    -271.714
  -0.958641     0.28462 2.12958e-06    -334.453
          0           0           0           1
    0.252046     0.867776    -0.428296      540.773
   -0.119462    -0.411299    -0.903638     -271.438
   -0.960313     0.278923 -2.00537e-07     -333.897
           0            0            0            1
    0.246737       0.8693    -0.428298      540.174
   -0.116943    -0.412024    -0.903637     -271.154
   -0.962001     0.273047 -2.58707e-06     -333.324
           0            0            0            1
    0.241264     0.870833      -0.4283      539.558
   -0.114347    -0.412754    -0.903636     -270.862
   -0.963699      0.26699 -5.02877e-06     -332.735
           0            0            0            1
    0.235627     0.872374    -0.428302      538.925
   -0.111674    -0.413487    -0.903635     -270.562
   -0.965406     0.260751 -7.52432e-06      -332.13
           0            0            0            1
    0.229825      0.87392    -0.428305      538.274
   -0.108922    -0.414223    -0.903634     -270.254
   -0.967118      0.25433 -1.00724e-05     -331.507
           0            0            0            1
    0.223858     0.875466    -0.428307      537.606
   -0.106091    -0.414959    -0.903633     -269.937
    -0.96883     0.247725 -1.26716e-05     -330.868
           0            0            0            1
    0.217726      0.87701    -0.428309      536.921
   -0.103182    -0.415695    -0.903632     -269.613
   -0.970541     0.240938 -1.53204e-05     -330.213
           0            0            0            1
    0.211426     0.878549    -0.428312      536.218
   -0.100195    -0.416428    -0.903631      -269.28
   -0.972245     0.233966 -1.80173e-05     -329.541
           0            0            0            1
    0.204961     0.880079    -0.428314      535.498
  -0.0971275    -0.417156     -0.90363     -268.938
   -0.973939      0.22681 -2.07608e-05     -328.852
           0            0            0            1
    0.198327     0.881596    -0.428317       534.76
  -0.0939811    -0.417879    -0.903629     -268.589
    -0.97562     0.219468 -2.35493e-05     -328.147
           0            0            0            1
    0.191527     0.883097    -0.428319      534.006
  -0.0907551    -0.418594    -0.903627     -268.231
   -0.977282     0.211941 -2.63811e-05     -327.425
           0            0            0            1
    0.184558     0.884578    -0.428322      533.234
  -0.0874493      -0.4193    -0.903626     -267.865
   -0.978923     0.204228 -2.92544e-05     -326.686
           0            0            0            1
     0.17742     0.886036    -0.428325      532.444
  -0.0840636    -0.419995    -0.903625     -267.491
   -0.980538     0.196328 -3.21675e-05     -325.931
           0            0            0            1
    0.170114     0.887466    -0.428328      531.637
  -0.0805978    -0.420676    -0.903623     -267.109
   -0.982123     0.188241 -3.51185e-05     -325.159
           0            0            0            1
    0.162639     0.888865    -0.428331      530.813
  -0.0770518    -0.421343    -0.903622     -266.718
   -0.983673     0.179968 -3.81055e-05     -324.371
           0            0            0            1
    0.154994     0.890229    -0.428334      529.972
  -0.0734255    -0.421994    -0.903621     -266.319
   -0.985183     0.171507 -4.11265e-05     -323.566
           0            0            0            1
     0.14718     0.891552    -0.428337      529.113
  -0.0697188    -0.422625    -0.903619     -265.912
   -0.986649     0.162858 -4.41795e-05     -322.745
           0            0            0            1
    0.139197     0.892832     -0.42834      528.237
  -0.0659317    -0.423236    -0.903618     -265.497
   -0.988067     0.154022 -4.72624e-05     -321.907
           0            0            0            1
    0.131044     0.894063    -0.428344      527.343
  -0.0620641    -0.423823    -0.903616     -265.074
   -0.989432     0.144998 -5.03731e-05     -321.052
           0            0            0            1
    0.122722     0.895242    -0.428347      526.432
   -0.058116    -0.424386    -0.903614     -264.642
   -0.990738     0.135787 -5.35092e-05     -320.181
           0            0            0            1
     0.11423     0.896363    -0.428351      525.504
  -0.0540876    -0.424922    -0.903613     -264.202
   -0.991981     0.126388 -5.66686e-05     -319.293
           0            0            0            1
    0.105569     0.897423    -0.428354      524.558
  -0.0499788    -0.425429    -0.903611     -263.754
   -0.993155     0.116802 -5.98489e-05     -318.388
           0            0            0            1
   0.0967386     0.898416    -0.428358      523.595
  -0.0457898    -0.425904    -0.903609     -263.298
   -0.994256     0.107028 -6.30475e-05     -317.467
           0            0            0            1
   0.0877397     0.899338    -0.428362      522.615
  -0.0415207    -0.426345    -0.903607     -262.833
   -0.995278    0.0970681 -6.62622e-05      -316.53
           0            0            0            1
   0.0785726     0.900183    -0.428366      521.617
  -0.0371717     -0.42675    -0.903605      -262.36
   -0.996215    0.0869217 -6.94902e-05     -315.575
           0            0            0            1
   0.0692377     0.900947     -0.42837      520.602
  -0.0327431    -0.427116    -0.903604     -261.879
   -0.997063    0.0765896 -7.27289e-05     -314.605
           0            0            0            1
   0.0597356     0.901625    -0.428374       519.57
  -0.0282352    -0.427442    -0.903602      -261.39
   -0.997815    0.0660724 -7.59757e-05     -313.617
           0            0            0            1
   0.0500671     0.902212    -0.428378       518.52
  -0.0236482    -0.427725      -0.9036     -260.892
   -0.998466     0.055371 -7.92277e-05     -312.613
           0            0            0            1
   0.0402329     0.902701    -0.428382      517.453
  -0.0189826    -0.427961    -0.903598     -260.387
    -0.99901    0.0444861 -8.24821e-05     -311.592
           0            0            0            1
   0.0302339      0.90309    -0.428387      516.369
  -0.0142388     -0.42815    -0.903596     -259.873
   -0.999441    0.0334189 -8.57361e-05     -310.555
           0            0            0            1
   0.0200711      0.90337    -0.428391      515.267
  -0.0094172    -0.428288    -0.903593     -259.351
   -0.999754    0.0221704 -8.89865e-05     -309.501
           0            0            0            1
  0.00974574     0.903539    -0.428396      514.148
 -0.00451842    -0.428372    -0.903591      -258.82
   -0.999942    0.0107418 -9.22304e-05     -308.431
           0            0            0            1
-0.000740982     0.903589    -0.428401      513.011
 0.000456958      -0.4284    -0.903589     -258.282
          -1 -0.000865304 -9.54645e-05     -307.344
           0            0            0            1
  -0.0113521     0.903515    -0.428405      511.861
  0.00549141     -0.42837    -0.903587     -257.737
    -0.99992   -0.0126101 -9.86751e-05     -306.244
           0            0            0            1
  -0.0219705     0.903317     -0.42841       510.71
   0.0105294    -0.428281    -0.903584     -257.191
   -0.999703   -0.0243631 -0.000101825     -305.143
           0            0            0            1
  -0.0325858     0.902994    -0.428415      509.559
   0.0155659    -0.428132    -0.903582     -256.646
   -0.999348   -0.0361127 -0.000104912     -304.042
           0            0            0            1
  -0.0431967     0.902547     -0.42842      508.409
   0.0206004    -0.427924     -0.90358       -256.1
   -0.998854   -0.0478573 -0.000107936     -302.941
           0            0            0            1
  -0.0538015     0.901974    -0.428425      507.258
   0.0256321    -0.427657    -0.903577     -255.555
   -0.998223   -0.0595952 -0.000110895     -301.841
           0            0            0            1
  -0.0643988     0.901277     -0.42843      506.107
   0.0306603    -0.427331    -0.903575      -255.01
   -0.997453    -0.071325 -0.000113789      -300.74
           0            0            0            1
  -0.0749873     0.900456    -0.428435      504.956
   0.0356843    -0.426946    -0.903573     -254.464
   -0.996546   -0.0830449 -0.000116619     -299.639
           0            0            0            1
  -0.0855653      0.89951     -0.42844      503.805
   0.0407035    -0.426502     -0.90357     -253.919
   -0.995501   -0.0947533 -0.000119383     -298.538
           0            0            0            1
  -0.0961315      0.89844    -0.428445      502.654
   0.0457171    -0.425999    -0.903568     -253.373
   -0.994318    -0.106449 -0.000122081     -297.437
           0            0            0            1
   -0.106684     0.897245     -0.42845      501.503
   0.0507244    -0.425437    -0.903565     -252.828
   -0.992998    -0.118129 -0.000124714     -296.336
           0            0            0            1
   -0.117223     0.895927    -0.428455      500.352
   0.0557247    -0.424816    -0.903563     -252.282
   -0.991541    -0.129793 -0.000127279     -295.236
           0            0            0            1
   -0.127744     0.894485     -0.42846      499.201
   0.0607175    -0.424136    -0.903561     -251.737
   -0.989947     -0.14144 -0.000129778     -294.135
           0            0            0            1
  -0.138249    0.892919   -0.428466      498.05
  0.0657018   -0.423398   -0.903558    -251.191
  -0.988216   -0.153067 -0.00013221    -293.034
          0           0           0           1
   -0.148734      0.89123    -0.428471      496.899
   0.0706772    -0.422601    -0.903556     -250.646
   -0.986348    -0.164672 -0.000134574     -291.933
           0            0            0            1
  -0.159198    0.889418   -0.428476     495.748
  0.0756429   -0.421746   -0.903553    -250.101
  -0.984344   -0.176255 -0.00013687    -290.832
          0           0           0           1
   -0.169641     0.887483    -0.428481      494.597
   0.0805981    -0.420833    -0.903551     -249.555
   -0.982205    -0.187814 -0.000139098     -289.731
           0            0            0            1
    -0.18006     0.885425    -0.428487      493.446
   0.0855423    -0.419861    -0.903548      -249.01
   -0.979929    -0.199346 -0.000141258      -288.63
           0            0            0            1
   -0.190454     0.883245    -0.428492      492.295
   0.0904747    -0.418831    -0.903546     -248.464
   -0.977518    -0.210851 -0.000143349      -287.53
           0            0            0            1
  -0.200822    0.880943   -0.428497     491.144
  0.0953947   -0.417744   -0.903543    -247.919
  -0.974972   -0.222327 -0.00014537    -286.429
          0           0           0           1
   -0.211162     0.878519    -0.428503      489.994
    0.100302    -0.416598    -0.903541     -247.373
   -0.972291    -0.233773 -0.000147323     -285.328
           0            0            0            1
   -0.221472     0.875974    -0.428508      488.843
    0.105195    -0.415395    -0.903538     -246.828
   -0.969476    -0.245185 -0.000149205     -284.227
           0            0            0            1
   -0.231753     0.873308    -0.428513      487.692
    0.110073    -0.414135    -0.903535     -246.283
   -0.966527    -0.256564 -0.000151018     -283.126
           0            0            0            1
   -0.242001     0.870521    -0.428519      486.541
    0.114937    -0.412817    -0.903533     -245.737
   -0.963444    -0.267908 -0.000152761     -282.025
           0            0            0            1
   -0.252215     0.867614    -0.428524       485.39
    0.119784    -0.411442     -0.90353     -245.192
   -0.960229    -0.279215 -0.000154433     -280.925
           0            0            0            1
   -0.262395     0.864587     -0.42853      484.239
    0.124615     -0.41001    -0.903528     -244.646
    -0.95688    -0.290482 -0.000156035     -279.824
           0            0            0            1
   -0.272538     0.861441    -0.428535      483.088
    0.129429    -0.408522    -0.903525     -244.101
     -0.9534     -0.30171 -0.000157566     -278.723
           0            0            0            1
   -0.282644     0.858176     -0.42854      481.937
    0.134225    -0.406977    -0.903523     -243.555
   -0.949787    -0.312896 -0.000159026     -277.622
           0            0            0            1
   -0.292711     0.854792    -0.428546      480.786
    0.139003    -0.405376     -0.90352      -243.01
   -0.946044    -0.324039 -0.000160415     -276.521
           0            0            0            1
   -0.302737      0.85129    -0.428551      479.635
    0.143761    -0.403719    -0.903517     -242.464
   -0.942169    -0.335137 -0.000161732      -275.42
           0            0            0            1
   -0.312722      0.84767    -0.428557      478.484
      0.1485    -0.402006    -0.903515     -241.919
   -0.938165    -0.346189 -0.000162977     -274.319
           0            0            0            1
   -0.322663     0.843933    -0.428562      477.333
    0.153218    -0.400237    -0.903512     -241.374
    -0.93403    -0.357193 -0.000164151     -273.219
           0            0            0            1
   -0.332559      0.84008    -0.428568      476.182
    0.157915    -0.398414     -0.90351     -240.828
   -0.929767    -0.368148 -0.000165253     -272.118
           0            0            0            1
    -0.34241      0.83611    -0.428574      475.031
    0.162591    -0.396535    -0.903507     -240.283
   -0.925376    -0.379052 -0.000166283     -271.017
           0            0            0            1
  -0.352213    0.832025   -0.428579      473.88
   0.167243   -0.394601   -0.903504    -239.737
  -0.920856   -0.389903 -0.00016724    -269.916
          0           0           0           1
   -0.361968     0.827825    -0.428585      472.729
    0.171873    -0.392612    -0.903502     -239.192
   -0.916209      -0.4007 -0.000168125     -268.815
           0            0            0            1
   -0.371672     0.823511     -0.42859      471.579
    0.176479     -0.39057    -0.903499     -238.646
   -0.911436    -0.411443 -0.000168938     -267.714
           0            0            0            1
   -0.381325     0.819083    -0.428596      470.428
    0.181061    -0.388473    -0.903496     -238.101
   -0.906536    -0.422128 -0.000169678     -266.614
           0            0            0            1
   -0.390925     0.814542    -0.428601      469.277
    0.185618    -0.386323    -0.903494     -237.555
   -0.901512    -0.432755 -0.000170345     -265.513
           0            0            0            1
  -0.400472    0.809888   -0.428607     468.126
   0.190149   -0.384119   -0.903491     -237.01
  -0.896362   -0.443322 -0.00017094    -264.412
          0           0           0           1
   -0.409963     0.805122    -0.428613      466.975
    0.194654    -0.381862    -0.903488     -236.465
   -0.891089    -0.453828 -0.000171461     -263.311
           0            0            0            1
  -0.419397    0.800245   -0.428618     465.824
   0.199133   -0.379552   -0.903486    -235.919
  -0.885693   -0.464271 -0.00017191     -262.21
          0           0           0           1
   -0.428773     0.795258    -0.428624      464.673
    0.203583     -0.37719    -0.903483     -235.374
   -0.880175     -0.47465 -0.000172286     -261.109
           0            0            0            1
    -0.43809     0.790161    -0.428629      463.522
    0.208006    -0.374776     -0.90348     -234.828
   -0.874534    -0.484963 -0.000172588     -260.008
           0            0            0            1
   -0.447347     0.784954    -0.428635      462.371
      0.2124    -0.372309    -0.903478     -234.283
   -0.868773     -0.49521 -0.000172817     -258.908
           0            0            0            1
   -0.456541     0.779639    -0.428641       461.22
    0.216765    -0.369792    -0.903475     -233.737
   -0.862892    -0.505388 -0.000172974     -257.807
           0            0            0            1
   -0.465673     0.774216    -0.428646      460.069
    0.221099    -0.367223    -0.903472     -233.192
   -0.856892    -0.515496 -0.000173057     -256.706
           0            0            0            1
    -0.47474     0.768687    -0.428652      458.918
    0.225404    -0.364603     -0.90347     -232.647
   -0.850773    -0.525533 -0.000173067     -255.605
           0            0            0            1
   -0.483742     0.763051    -0.428658      457.767
    0.229677    -0.361933    -0.903467     -232.101
   -0.844537    -0.535497 -0.000173004     -254.504
           0            0            0            1
   -0.492676      0.75731    -0.428663      456.616
    0.233919    -0.359213    -0.903464     -231.556
   -0.838184    -0.545388 -0.000172867     -253.403
           0            0            0            1
   -0.501543     0.751464    -0.428669      455.465
    0.238128    -0.356444    -0.903462      -231.01
   -0.831715    -0.555203 -0.000172657     -252.303
           0            0            0            1
    -0.51034     0.745514    -0.428674      454.315
    0.242304    -0.353625    -0.903459     -230.465
   -0.825131    -0.564941 -0.000172375     -251.202
           0            0            0            1
   -0.519067     0.739461     -0.42868      453.164
    0.246447    -0.350757    -0.903456     -229.919
   -0.818434    -0.574601 -0.000172019     -250.101
           0            0            0            1
  -0.527722    0.733307   -0.428686     452.013
   0.250556    -0.34784   -0.903454    -229.374
  -0.811623   -0.584182 -0.00017159        -249
          0           0           0           1
   -0.536304      0.72705    -0.428691      450.862
    0.254631    -0.344876    -0.903451     -228.828
     -0.8047    -0.593682 -0.000171088     -247.899
           0            0            0            1
   -0.544811     0.720694    -0.428697      449.711
     0.25867    -0.341864    -0.903448     -228.283
   -0.797666      -0.6031 -0.000170514     -246.798
           0            0            0            1
   -0.553244     0.714238    -0.428702       448.56
    0.262674    -0.338804    -0.903446     -227.738
   -0.790521    -0.612435 -0.000169866     -245.697
           0            0            0            1
     -0.5616     0.707683    -0.428708      447.409
    0.266641    -0.335698    -0.903443     -227.192
   -0.783268    -0.621685 -0.000169146     -244.597
           0            0            0            1
   -0.569878      0.70103    -0.428714      446.258
    0.270572    -0.332545     -0.90344     -226.647
   -0.775906    -0.630849 -0.000168353     -243.496
           0            0            0            1
   -0.578078     0.694281    -0.428719      445.107
    0.274465    -0.329347    -0.903438     -226.101
   -0.768437    -0.639926 -0.000167487     -242.395
           0            0            0            1
   -0.586198     0.687435    -0.428725      443.956
     0.27832    -0.326102    -0.903435     -225.556
   -0.760861    -0.648914 -0.000166549     -241.294
           0            0            0            1
   -0.594237     0.680495     -0.42873      442.805
    0.282137    -0.322813    -0.903433      -225.01
   -0.753181    -0.657813 -0.000165539     -240.193
           0            0            0            1
   -0.602193      0.67346    -0.428736      441.654
    0.285915    -0.319479     -0.90343     -224.465
   -0.745397    -0.666621 -0.000164457     -239.092
           0            0            0            1
   -0.610066     0.666333    -0.428741      440.503
    0.289654    -0.316101    -0.903427     -223.919
   -0.737509    -0.675337 -0.000163303     -237.992
           0            0            0            1
   -0.617855     0.659114    -0.428747      439.352
    0.293352    -0.312679    -0.903425     -223.374
    -0.72952     -0.68396 -0.000162077     -236.891
           0            0            0            1
   -0.625559     0.651803    -0.428752      438.201
    0.297011    -0.309214    -0.903422     -222.829
   -0.721429    -0.692488 -0.000160779      -235.79
           0            0            0            1
   -0.633176     0.644402    -0.428758       437.05
    0.300628    -0.305706    -0.903419     -222.283
    -0.71324     -0.70092 -0.000159409     -234.689
           0            0            0            1
    -0.6407    0.636919   -0.428763     435.901
   0.304201   -0.302159   -0.903417    -221.738
  -0.704958   -0.709249 -0.00015797    -233.589
          0           0           0           1
   -0.648048     0.629437    -0.428769      434.764
     0.30769    -0.298612    -0.903414       -221.2
   -0.696678    -0.717384 -0.000156478     -232.502
           0            0            0            1
   -0.655199     0.621987    -0.428774      433.645
    0.311086    -0.295081    -0.903412     -220.669
   -0.688433      -0.7253 -0.000154941     -231.432
           0            0            0            1
   -0.662155     0.614573    -0.428779      432.543
     0.31439    -0.291566    -0.903409     -220.147
   -0.680228       -0.733 -0.000153363     -230.378
           0            0            0            1
   -0.668919     0.607199    -0.428784      431.459
    0.317602    -0.288071    -0.903407     -219.633
   -0.672068    -0.740489 -0.000151746     -229.341
           0            0            0            1
   -0.675496     0.599871    -0.428789      430.392
    0.320726    -0.284597    -0.903405     -219.127
   -0.663958     -0.74777 -0.000150094      -228.32
           0            0            0            1
   -0.681887     0.592592    -0.428794      429.342
    0.323761    -0.281146    -0.903402      -218.63
   -0.655903    -0.754845 -0.000148411     -227.316
           0            0            0            1
   -0.688096     0.585368    -0.428799       428.31
     0.32671    -0.277721      -0.9034     -218.141
   -0.647908    -0.761719 -0.000146699     -226.328
           0            0            0            1
   -0.694126     0.578201    -0.428804      427.295
    0.329574    -0.274324    -0.903398      -217.66
   -0.639976    -0.768395 -0.000144961     -225.358
           0            0            0            1
 -0.699981   0.571096  -0.428808    426.297
  0.332355  -0.270955  -0.903395   -217.187
 -0.632113  -0.774876 -0.0001432   -224.403
         0          0          0          1
   -0.705662     0.564057    -0.428813      425.317
    0.335054    -0.267618    -0.903393     -216.722
   -0.624324    -0.781166 -0.000141419     -223.466
           0            0            0            1
   -0.711174     0.557088    -0.428817      424.354
    0.337672    -0.264314    -0.903391     -216.266
    -0.61661    -0.787268 -0.000139621     -222.545
           0            0            0            1
    -0.71652     0.550191    -0.428822      423.408
    0.340211    -0.261044    -0.903389     -215.818
   -0.608978    -0.793187 -0.000137809      -221.64
           0            0            0            1
   -0.721703     0.543372    -0.428826       422.48
    0.342673    -0.257811    -0.903387     -215.378
   -0.601431    -0.798925 -0.000135985     -220.752
           0            0            0            1
   -0.726726     0.536632     -0.42883      421.569
    0.345059    -0.254616    -0.903385     -214.946
   -0.593972    -0.804485 -0.000134153     -219.881
           0            0            0            1
   -0.731592     0.529976    -0.428834      420.675
    0.347371     -0.25146    -0.903383     -214.523
   -0.586606    -0.809873 -0.000132313     -219.026
           0            0            0            1
   -0.736305     0.523406    -0.428838      419.799
     0.34961    -0.248345    -0.903381     -214.107
   -0.579335     -0.81509 -0.000130471     -218.188
           0            0            0            1
   -0.740867     0.516925    -0.428842       418.94
    0.351777    -0.245272     -0.90338       -213.7
   -0.572162     -0.82014 -0.000128626     -217.367
           0            0            0            1
   -0.745281     0.510537    -0.428846      418.099
    0.353874    -0.242243    -0.903378     -213.302
   -0.565092    -0.825028 -0.000126783     -216.562
           0            0            0            1
   -0.749551     0.504244    -0.428849      417.274
    0.355903    -0.239259    -0.903376     -212.911
   -0.558128    -0.829755 -0.000124943     -215.774
           0            0            0            1
    -0.75368     0.498049    -0.428853      416.468
    0.357864    -0.236322    -0.903374     -212.529
   -0.551271    -0.834326 -0.000123109     -215.002
           0            0            0            1
    -0.75767     0.491954    -0.428856      415.678
     0.35976    -0.233432    -0.903373     -212.155
   -0.544526    -0.838744 -0.000121283     -214.247
           0            0            0            1
   -0.761525     0.485962     -0.42886      414.906
    0.361592    -0.230591    -0.903371     -211.789
   -0.537895    -0.843012 -0.000119467     -213.508
           0            0            0            1
   -0.765247     0.480076    -0.428863      414.151
     0.36336      -0.2278     -0.90337     -211.431
   -0.531381    -0.847133 -0.000117663     -212.786
           0            0            0            1
    -0.76884     0.474298    -0.428866      413.414
    0.365068    -0.225059    -0.903368     -211.082
   -0.524986    -0.851111 -0.000115873     -212.081
           0            0            0            1
 -0.772307   0.468629  -0.428869    412.694
  0.366715  -0.222372  -0.903367    -210.74
 -0.518712  -0.854949 -0.0001141   -211.392
         0          0          0          1
   -0.775649     0.463073    -0.428872      411.991
    0.368303    -0.219737    -0.903365     -210.407
   -0.512563     -0.85865 -0.000112345      -210.72
           0            0            0            1
   -0.778871     0.457631    -0.428875      411.306
    0.369834    -0.217156    -0.903364     -210.082
    -0.50654    -0.862217 -0.000110609     -210.065
           0            0            0            1
   -0.781974     0.452305    -0.428878      410.638
    0.371309    -0.214631    -0.903362     -209.766
   -0.500646    -0.865652 -0.000108896     -209.426
           0            0            0            1
   -0.784962     0.447097    -0.428881      409.987
    0.372728    -0.212161    -0.903361     -209.458
   -0.494882     -0.86896 -0.000107207     -208.803
           0            0            0            1
   -0.787837     0.442009    -0.428884      409.354
    0.374095    -0.209749     -0.90336     -209.157
   -0.489251    -0.872143 -0.000105542     -208.198
           0            0            0            1
   -0.790601     0.437043    -0.428886      408.738
    0.375408    -0.207394    -0.903358     -208.866
   -0.483755    -0.875204 -0.000103905     -207.609
           0            0            0            1
   -0.793258       0.4322    -0.428889      408.139
    0.376671    -0.205097    -0.903357     -208.582
   -0.478395    -0.878145 -0.000102297     -207.036
           0            0            0            1
   -0.795809     0.427482    -0.428891      407.558
    0.377883     -0.20286    -0.903356     -208.306
   -0.473173    -0.880969 -0.000100718      -206.48
           0            0            0            1
   -0.798257     0.422891    -0.428894      406.994
    0.379047    -0.200682    -0.903355     -208.039
   -0.468092     -0.88368 -9.91718e-05     -205.941
           0            0            0            1
   -0.800604     0.418427    -0.428896      406.448
    0.380162    -0.198566    -0.903354      -207.78
   -0.463152    -0.886279 -9.76584e-05     -205.418
           0            0            0            1
   -0.802853     0.414093    -0.428898      405.918
    0.381231     -0.19651    -0.903353     -207.529
   -0.458355    -0.888769 -9.61795e-05     -204.912
           0            0            0            1
   -0.805007     0.409889      -0.4289      405.407
    0.382255    -0.194517    -0.903352     -207.287
   -0.453702    -0.891153 -9.47365e-05     -204.422
           0            0            0            1
   -0.807066     0.405817    -0.428902      404.912
    0.383234    -0.192586    -0.903351     -207.052
   -0.449195    -0.893434 -9.33308e-05     -203.949
           0            0            0            1
   -0.809033     0.401878    -0.428904      404.435
    0.384169    -0.190718     -0.90335     -206.826
   -0.444836    -0.895612 -9.19635e-05     -203.493
           0            0            0            1
   -0.810911     0.398073    -0.428906      403.975
    0.385061    -0.188913    -0.903349     -206.608
   -0.440625    -0.897691 -9.06358e-05     -203.053
           0            0            0            1
   -0.812701     0.394404    -0.428908      403.533
    0.385912    -0.187173    -0.903348     -206.399
   -0.436564    -0.899673 -8.93489e-05      -202.63
           0            0            0            1
   -0.814405     0.390871     -0.42891      403.108
    0.386722    -0.185498    -0.903347     -206.197
   -0.432654     -0.90156 -8.81039e-05     -202.223
           0            0            0            1
   -0.816026     0.387475    -0.428912        402.7
    0.387493    -0.183887    -0.903347     -206.004
   -0.428896    -0.903354 -8.69019e-05     -201.833
           0            0            0            1
   -0.817564     0.384218    -0.428913      402.309
    0.388224    -0.182343    -0.903346     -205.819
   -0.425291    -0.905057 -8.57438e-05      -201.46
           0            0            0            1
   -0.819021     0.381099    -0.428915      401.936
    0.388917    -0.180864    -0.903345     -205.642
   -0.421839    -0.906671 -8.46305e-05     -201.103
           0            0            0            1
     -0.8204     0.378121    -0.428916      401.581
    0.389572    -0.179451    -0.903344     -205.474
   -0.418543    -0.908197 -8.35631e-05     -200.763
           0            0            0            1
   -0.821701     0.375283    -0.428917      401.242
    0.390191    -0.178105    -0.903344     -205.313
   -0.415402    -0.909638 -8.25424e-05     -200.439
           0            0            0            1
   -0.822927     0.372586    -0.428919      400.921
    0.390773    -0.176826    -0.903343     -205.161
   -0.412417    -0.910995 -8.15692e-05     -200.132
           0            0            0            1
   -0.824078     0.370032     -0.42892      400.618
     0.39132    -0.175615    -0.903342     -205.017
    -0.40959     -0.91227 -8.06443e-05     -199.842
           0            0            0            1
   -0.825156      0.36762    -0.428921      400.331
    0.391833    -0.174471    -0.903342     -204.882
   -0.406921    -0.913463 -7.97683e-05     -199.568
           0            0            0            1
   -0.826162     0.365352    -0.428922      400.062
    0.392311    -0.173395    -0.903341     -204.754
    -0.40441    -0.914578 -7.89421e-05     -199.311
           0            0            0            1
   -0.827098     0.363227    -0.428923      399.811
    0.392756    -0.172388    -0.903341     -204.635
   -0.402059    -0.915614 -7.81661e-05      -199.07
           0            0            0            1
   -0.827964     0.361247    -0.428924      399.577
    0.393168    -0.171449    -0.903341     -204.524
   -0.399867    -0.916573 -7.74411e-05     -198.846
           0            0            0            1
   -0.828762     0.359411    -0.428925       399.36
    0.393548    -0.170578     -0.90334     -204.421
   -0.397836    -0.917457 -7.67676e-05     -198.639
           0            0            0            1
   -0.829493     0.357721    -0.428926       399.16
    0.393895    -0.169777     -0.90334     -204.327
   -0.395965    -0.918265 -7.61461e-05     -198.448
           0            0            0            1
   -0.830157     0.356177    -0.428927      398.978
    0.394211    -0.169044    -0.903339      -204.24
   -0.394256    -0.919001 -7.55771e-05     -198.273
           0            0            0            1
  -0.830755    0.354779   -0.428927     398.813
   0.394495   -0.168381   -0.903339    -204.162
  -0.392708   -0.919663 -7.5061e-05    -198.116
          0           0           0           1
   -0.831288     0.353526    -0.428928      398.666
    0.394749    -0.167787    -0.903339     -204.092
   -0.391323    -0.920253 -7.45982e-05     -197.975
           0            0            0            1
  -0.831757    0.352421   -0.428928     398.536
   0.394972   -0.167263   -0.903339    -204.031
  -0.390099   -0.920773 -7.4189e-05     -197.85
          0           0           0           1
   -0.832162     0.351463    -0.428929      398.423
    0.395164    -0.166808    -0.903338     -203.977
   -0.389038    -0.921222 -7.38337e-05     -197.742
           0            0            0            1
   -0.832504     0.350651    -0.428929      398.327
    0.395327    -0.166423    -0.903338     -203.932
    -0.38814      -0.9216 -7.35327e-05     -197.651
           0            0            0            1
   -0.832784     0.349987    -0.428929      398.249
     0.39546    -0.166109    -0.903338     -203.895
   -0.387405    -0.921909 -7.32861e-05     -197.576
           0            0            0            1
